N1 = 512;
x1 = randn(1,N1);

N2 = 1024;
x2 = randn(1,N2);

N3 = 2048;
x3 = randn(1,N3);

N4 = 4096;
x4 = randn(1,N4);